# File contains the data for the Sacramento River water index; no functions are
# contained herein (J. DuBois 10-Aug-2015)

Sac_H20_Index <-
structure(c(11.76, 14.07, 7.73, 12.1, 9.38, 11.74, 6.71, 6.24, 
10.92, 10.99, 10.83, 8.83, 6.19, 7, 5.15, 9.2, 8.97, 7.06, 3.87, 
6.39, 5.75, 9.52, 8.27, 5.22, 5.9, 3.66, 5.48, 4.63, 4.07, 6.98, 
7.75, 6.87, 12.62, 5.58, 8.88, 11.47, 11.27, 9.77, 6.35, 6.8, 
7.7, 5.61, 7.12, 6.09, 6.62, 9.18, 12.38, 9.55, 8.51, 6.14, 11.38, 
7.83, 12.16, 6.75, 6.2, 5.68, 6.65, 9.63, 6.41, 10.15, 7.16, 
10.2, 7.24, 11.05, 10.4, 10.37, 7.29, 8.58, 12.99, 9.35, 5.29, 
3.11, 8.65, 6.67, 9.04, 6.21, 12.76, 15.29, 10, 6.47, 9.96, 5.86, 
4.65, 6.13, 4.81, 4.21, 4.06, 8.54, 5.02, 12.89, 10.26, 10.82, 
13.31, 9.8, 8.94, 5.76, 6.35, 8.21, 7.51, 8.49, 13.2, 6.19, 5.16, 
5.78, 7.08, 10.54, 6.89, 5.83, 4.08), .Names = c("1906", "1907", 
"1908", "1909", "1910", "1911", "1912", "1913", "1914", "1915", 
"1916", "1917", "1918", "1919", "1920", "1921", "1922", "1923", 
"1924", "1925", "1926", "1927", "1928", "1929", "1930", "1931", 
"1932", "1933", "1934", "1935", "1936", "1937", "1938", "1939", 
"1940", "1941", "1942", "1943", "1944", "1945", "1946", "1947", 
"1948", "1949", "1950", "1951", "1952", "1953", "1954", "1955", 
"1956", "1957", "1958", "1959", "1960", "1961", "1962", "1963", 
"1964", "1965", "1966", "1967", "1968", "1969", "1970", "1971", 
"1972", "1973", "1974", "1975", "1976", "1977", "1978", "1979", 
"1980", "1981", "1982", "1983", "1984", "1985", "1986", "1987", 
"1988", "1989", "1990", "1991", "1992", "1993", "1994", "1995", 
"1996", "1997", "1998", "1999", "2000", "2001", "2002", "2003", 
"2004", "2005", "2006", "2007", "2008", "2009", "2010", "2011", 
"2012", "2013", "2014"))
SJ_H20_Index <-
structure(c(6.7, 6.2, 2.4, 4.59, 3.65, 5.97, 2.55, 2, 4.35, 4.1, 
4.65, 4.13, 3.08, 2.62, 2.64, 3.23, 4.54, 3.55, 1.42, 2.93, 2.3, 
3.56, 2.63, 2, 2.02, 1.2, 3.41, 2.44, 1.44, 3.56, 3.74, 3.9, 
5.89, 2.2, 3.36, 4.43, 4.44, 4.03, 2.76, 3.59, 3.3, 2.18, 2.7, 
2.53, 2.85, 3.14, 5.17, 3.03, 2.72, 2.3, 4.46, 3.01, 4.77, 2.21, 
1.85, 1.38, 3.07, 3.57, 2.19, 3.81, 2.51, 5.25, 2.21, 6.09, 3.18, 
2.89, 2.16, 3.5, 3.9, 3.85, 1.57, 0.84, 4.58, 3.67, 4.73, 2.44, 
5.45, 7.22, 3.69, 2.4, 4.31, 1.86, 1.48, 1.96, 1.51, 1.96, 1.56, 
4.2, 2.05, 5.95, 4.12, 4.13, 5.65, 3.59, 3.38, 2.2, 2.34, 2.81, 
2.21, 4.75, 5.9, 1.97, 2.06, 2.72, 3.55, 5.58, 2.18, 1.71, 1.16
), .Names = c("1906", "1907", "1908", "1909", "1910", "1911", 
"1912", "1913", "1914", "1915", "1916", "1917", "1918", "1919", 
"1920", "1921", "1922", "1923", "1924", "1925", "1926", "1927", 
"1928", "1929", "1930", "1931", "1932", "1933", "1934", "1935", 
"1936", "1937", "1938", "1939", "1940", "1941", "1942", "1943", 
"1944", "1945", "1946", "1947", "1948", "1949", "1950", "1951", 
"1952", "1953", "1954", "1955", "1956", "1957", "1958", "1959", 
"1960", "1961", "1962", "1963", "1964", "1965", "1966", "1967", 
"1968", "1969", "1970", "1971", "1972", "1973", "1974", "1975", 
"1976", "1977", "1978", "1979", "1980", "1981", "1982", "1983", 
"1984", "1985", "1986", "1987", "1988", "1989", "1990", "1991", 
"1992", "1993", "1994", "1995", "1996", "1997", "1998", "1999", 
"2000", "2001", "2002", "2003", "2004", "2005", "2006", "2007", 
"2008", "2009", "2010", "2011", "2012", "2013", "2014"))
Sac_H20_Index_adj <-
structure(c(11.76, 14.07, 7.73, 12.1, 9.38, 11.74, 6.71, 6.24, 
10.92, 10.99, 10.83, 8.83, 6.19, 7, 5.15, 9.2, 8.97, 7.06, 3.87, 
6.39, 5.75, 9.52, 8.27, 5.22, 5.9, 3.66, 5.48, 4.63, 4.07, 6.98, 
7.75, 6.87, 12.62, 5.58, 8.88, 11.47, 11.27, 9.77, 6.35, 6.8, 
7.7, 5.61, 7.12, 6.09, 6.62, 9.18, 12.38, 9.55, 8.51, 6.14, 11.38, 
7.83, 12.16, 6.75, 6.2, 5.68, 6.65, 9.63, 6.41, 10.15, 7.16, 
10.2, 7.24, 11.05, 10.4, 10.37, 7.29, 8.58, 12.99, 9.35, 5.29, 
3.11, 8.65, 6.67, 9.04, 6.21, 12.76, 15.29, 10, 6.47, 9.96, 5.86, 
4.65, 6.13, 4.81, 4.21, 4.06, 8.54, 5.02, 12.89, 10.26, 10.82, 
13.31, 9.8, 8.94, 5.76, 6.35, 8.21, 7.51, 8.49, 13.2, 6.19, 5.16, 
5.78, 7.08, 10.54, 6.89, 5.83, 4.08), .Names = c("1905", "1906", 
"1907", "1908", "1909", "1910", "1911", "1912", "1913", "1914", 
"1915", "1916", "1917", "1918", "1919", "1920", "1921", "1922", 
"1923", "1924", "1925", "1926", "1927", "1928", "1929", "1930", 
"1931", "1932", "1933", "1934", "1935", "1936", "1937", "1938", 
"1939", "1940", "1941", "1942", "1943", "1944", "1945", "1946", 
"1947", "1948", "1949", "1950", "1951", "1952", "1953", "1954", 
"1955", "1956", "1957", "1958", "1959", "1960", "1961", "1962", 
"1963", "1964", "1965", "1966", "1967", "1968", "1969", "1970", 
"1971", "1972", "1973", "1974", "1975", "1976", "1977", "1978", 
"1979", "1980", "1981", "1982", "1983", "1984", "1985", "1986", 
"1987", "1988", "1989", "1990", "1991", "1992", "1993", "1994", 
"1995", "1996", "1997", "1998", "1999", "2000", "2001", "2002", 
"2003", "2004", "2005", "2006", "2007", "2008", "2009", "2010", 
"2011", "2012", "2013"))
SJ_H20_Index_adj <-
structure(c(6.7, 6.2, 2.4, 4.59, 3.65, 5.97, 2.55, 2, 4.35, 4.1, 
4.65, 4.13, 3.08, 2.62, 2.64, 3.23, 4.54, 3.55, 1.42, 2.93, 2.3, 
3.56, 2.63, 2, 2.02, 1.2, 3.41, 2.44, 1.44, 3.56, 3.74, 3.9, 
5.89, 2.2, 3.36, 4.43, 4.44, 4.03, 2.76, 3.59, 3.3, 2.18, 2.7, 
2.53, 2.85, 3.14, 5.17, 3.03, 2.72, 2.3, 4.46, 3.01, 4.77, 2.21, 
1.85, 1.38, 3.07, 3.57, 2.19, 3.81, 2.51, 5.25, 2.21, 6.09, 3.18, 
2.89, 2.16, 3.5, 3.9, 3.85, 1.57, 0.84, 4.58, 3.67, 4.73, 2.44, 
5.45, 7.22, 3.69, 2.4, 4.31, 1.86, 1.48, 1.96, 1.51, 1.96, 1.56, 
4.2, 2.05, 5.95, 4.12, 4.13, 5.65, 3.59, 3.38, 2.2, 2.34, 2.81, 
2.21, 4.75, 5.9, 1.97, 2.06, 2.72, 3.55, 5.58, 2.18, 1.71, 1.16
), .Names = c("1905", "1906", "1907", "1908", "1909", "1910", 
"1911", "1912", "1913", "1914", "1915", "1916", "1917", "1918", 
"1919", "1920", "1921", "1922", "1923", "1924", "1925", "1926", 
"1927", "1928", "1929", "1930", "1931", "1932", "1933", "1934", 
"1935", "1936", "1937", "1938", "1939", "1940", "1941", "1942", 
"1943", "1944", "1945", "1946", "1947", "1948", "1949", "1950", 
"1951", "1952", "1953", "1954", "1955", "1956", "1957", "1958", 
"1959", "1960", "1961", "1962", "1963", "1964", "1965", "1966", 
"1967", "1968", "1969", "1970", "1971", "1972", "1973", "1974", 
"1975", "1976", "1977", "1978", "1979", "1980", "1981", "1982", 
"1983", "1984", "1985", "1986", "1987", "1988", "1989", "1990", 
"1991", "1992", "1993", "1994", "1995", "1996", "1997", "1998", 
"1999", "2000", "2001", "2002", "2003", "2004", "2005", "2006", 
"2007", "2008", "2009", "2010", "2011", "2012", "2013"))
